-0.081905
0.030268
0.059690
-0.086860
-0.031053
-0.043114
0.030383
0.014486
0.006267
0.119791
-0.086402
-0.030326
0.204589
0.042250
0.027632
-0.066154
-0.062425
0.014676
0.014331
0.159328
-0.011627
-0.127401
-0.169871
0.131139
0.006537
0.013419
-0.016819
-0.192753
0.114004
0.048179
0.119741
0.027485
-0.157526
0.040830
-0.013630
-0.051850
-0.017568
0.156744
-0.320821
-0.036861
-0.090503
0.269973
0.110511
0.191122
0.038475
0.426223
-0.008029
-0.959735
0.222907
0.084253
0.710819
0.273800
-0.842776
0.065906
0.102412
1.432763
-0.037873
-0.219549
-0.138846
-0.127970
-0.253721
0.201216
-0.003754
-0.150709
-0.128048
-0.289286
-0.098291
0.092697
0.370246
